[.#...#] (2,4) (3,4) (0,2,3,5) (0,1,2,3) (1,3,4,5) {26,32,28,47,23,20}
[#.####.] (0,1,2,4,6) (1,2,4,6) (0,6) (2,3) (0,2,3,4,5,6) (0,2,3,4,5) (3,4,5,6) (2,4) (0,1,2,5,6) {58,41,286,233,79,43,63}
[.#..] (1) (1,2) (0,1,3) (2,3) (0,2,3) {32,29,35,51}
[...###] (1,2,4) (2,4,5) (4,5) (0,5) (0,1,2,3,4) (0,1,5) (0,3) (3,5) {55,40,39,33,42,56}
[###.] (1,2,3) (0,1,2) {0,4,4,4}
[###..] (0,1) (0,1,3) (4) (0,2,3) (2,4) (2,3) (3,4) {197,32,188,210,37}
[#..##..] (1,2,3,5,6) (0,1,2,3,5,6) (2,5) (1,2,6) (2,3,4,5) {14,43,68,43,11,57,43}
[##.#] (0,2,3) (1,2,3) (0,2) (0,3) {21,14,32,24}
[..#...##.#] (1,2,3,5,6,7,8,9) (0,2,4,6,7,8,9) (0,2,4,6,7,8) (4,5,6,8,9) (2,3,7,8,9) (2,6,7,8,9) (0,6,7) (0,3,7) (1,2,3,5,6,7,9) (0,1,2,3,4,5,7,8) {77,29,90,62,55,29,62,112,79,55}
[#...#####.] (0,1,4,6,8,9) (1,2,3,5,6,8,9) (0,2,3,4,5,6,8) (0,4,5,6,7) (1,2,9) (2,5,9) (2,4,6,7) (0,3,4,6,9) {52,30,67,53,55,67,72,17,36,68}
[###......] (0,1) (0,1,2,3,4,7) (3,4,7) (3,5,6) (0,3,6,8) (1,2,3,6,8) (0,1,2,4,5,6,7) (1,3,6) (1,2,3,4) {57,51,30,56,31,28,55,26,21}
[#..#...] (0,2,5,6) (0,1,2,3,5,6) (1,4,6) (0,5,6) (3,5) (0,1,3,6) (2,4,5) {42,30,32,31,20,52,48}
[##.#...#..] (0,1,2,3,4,5,7,8) (2,3,4,5,6,7,8) (0,2,3,5,8,9) (0,1,7,9) (2,3,5) (1,7) (4) (1,2,3,6,7) (0,3,4,5,6) (0,3,6,8,9) (0,1,2,4,5,6,7,9) (0,2,3,5,7,8,9) (0,4,6,7) {87,56,65,70,72,54,78,100,42,54}
[#...#] (1) (0,2,3) (1,3) (0,2,4) (0,4) (4) {34,26,19,27,31}
[#.###] (1,2,4) (0,1,2) (0,2,3,4) {16,16,30,14,28}
[.....#] (0,1,4,5) (0,2,3) (0,1,2,4,5) (1,2,3,4) {35,34,40,37,34,16}
[#.##..#] (1,3,4,5,6) (0,2,3,4,6) (2,6) (0,2,3,4,5) (0,1,2,3,5) (0,1,2,3,5,6) (1,5) (1,2,3,4,5) {245,73,271,260,222,272,45}
[.#.##.] (1,2,3,4) (1,3) (0,2,4) (1,3,4) (0,1,2,4,5) (2,3,5) (3,4,5) (0,1,2,3) {31,71,57,84,46,35}
[.....##.] (1,2) (0,2,3,6,7) (0,1,2,6) (1,4,7) (0,3,4) (5,6,7) (0,1,2,4,5) (2,5) (0,1,2,4,5,7) (1,2,4) {169,90,115,126,166,66,52,68}
[.####] (1,2,4) (1,2,3,4) (0,1,3) {179,196,17,188,17}
[#...#] (3) (0,1) (0,4) (0,1,4) (1,3,4) (1,2,4) (1) {21,147,3,18,32}
[####.#] (1,3,4) (0,1,4,5) (2,3,5) (0,3) (0,2,3) (1,2,3,5) (1,2,5) {33,22,43,42,6,32}
[.#.#..##] (0,1,2,3,4,6) (2,5,6) (1,3,6,7) (0,1,3,4,6,7) (0,5) (0,1,2,3,4,5,6) (0,3,7) {73,44,44,55,44,51,60,27}
[####.#...] (2,6) (2,6,7) (1,5) (0,3,6,7) (0,1,3,4,5,8) (0,1,2,4,5,6,7,8) (0,2,3,4,6,7) (2,4,5,6,8) (2,3,4,5,6,7,8) (0,3,6,7,8) {62,39,169,48,160,154,186,75,146}
[####...] (0,2,3) (2,6) (2,3,4,5,6) (2,3,6) (2,4,5,6) (4,5) (0,1,2,4,5) {22,8,188,37,46,46,166}
[...##.] (0,1) (0,3,5) (0,5) (0,1,2,4) (0,4) (0,2,3,4) {59,6,20,30,31,28}
[......##] (0,1) (0,2,6,7) (0,4,5,6) (0,2,7) (2,4) (0,1,2,3,4,6,7) (0,1,3,5,7) (2,3,6) (0,5,6) {73,40,46,24,27,27,22,47}
[.##..#..#.] (0,4,5) (0,1,3,4,6,7,8,9) (1,2,4,5,6,7) (0,1,3,5,6,7,9) (0,1,3,5,6,7,8,9) (0,2,5,6,8,9) (1,2,3,6) (2,5,6,7,9) (1,2,3,4) {77,90,62,70,55,84,105,75,52,72}
[###...] (0,1,2,3) (1,3,4) (2,3,4,5) (2,3,4) (0,1) (0,2,3) {38,32,54,67,38,20}
[.##.#.] (0,2,3,4,5) (1,2,4) (0,4,5) (0,1,2,5) {218,13,20,7,205,218}
[##.###.#] (0,1,2,3,4,6) (1,2,3,6) (2,3,4) (5,7) (0,1,2,4,5,7) (0,1,2,5,6,7) (0,1,2,5,7) (1,2,3,5,6,7) (0,1,3,4,5,6) {174,188,195,169,159,43,182,43}
[##..###.] (0,1) (0,1,2,3,5,7) (4) (0,3,4,5,6,7) (0,1,2,3,6,7) (0,2,3,4,7) (0,1,5,6) (2,3,6) (0,1,4,5,6,7) {198,46,172,174,172,26,32,178}
[..######] (0,2,3,5,7) (2,3,4,5,7) (0,6) (3,4,5,7) (1,3,7) (0,2) (0,1,3,4,7) (0,2,3,4,5,6,7) {166,31,153,68,52,37,12,68}
[..#....#] (2,4,5) (2,5,6) (0,1,3,4,5) (0,1,2,6,7) (1,3,4,6) (0,3,6,7) (0,3,6) (0,2,3,7) {145,32,140,149,33,26,67,136}
[.###] (0,2) (0,1,3) (0,3) {29,14,9,20}
[#.##] (2,3) (1,2) (0,1,3) {7,19,153,148}
[#.#...] (1,2,3,4,5) (0,1,4) (0,1,3,4,5) (0,2,4) {19,19,16,10,27,10}
[#.##.] (0,2,3) (3,4) (1,4) (0,4) (2,3,4) (0,2) {165,18,157,163,41}
[#...##] (1) (0,2,3,4,5) (1,2,3,5) (0,2,3,4) (0,1,4,5) (0,1,3,4) (0,5) (3,5) {33,34,35,41,25,30}
[..##.####] (1,7,8) (1,6) (1,4,6,7,8) (1,2,6) (0,1,2,3,4,6,8) (0,1,2,3,7) (0,1,3,4,5,8) (0,1,2,4,5,6,8) (0,1,5,6,7,8) (2,5) {221,261,199,37,213,199,234,44,238}
[.##..] (0,2) (1,3,4) (3) (2,3,4) (0,4) (1,2) {15,37,34,37,44}
[#.##...#.#] (0,1,2,3,7,9) (0,2,4,6,8) (0,1,2,4,6,7,8,9) (3,6,9) (1) (0,4) (0,1,3,4,5,9) (0,1,2,3,4,5,7,9) (1,2,3,5,6,7,8,9) (0,1,3) (1,3,4,5,8,9) (0,1,2,3,4,5,8) (0,3,5,8) {90,97,70,110,74,76,59,48,67,89}
[#.#.#] (0,2) (0,1,2,3) (1,3,4) {10,28,10,28,18}
[.#...#.##] (1,5,6) (2,3,5,7,8) (4,7) (1,4,5,8) (3,6) (0,1,2,4,6,7,8) (2,4,6) (0,1,3,4,6,7,8) {21,49,41,41,47,48,62,49,49}
[..#.#] (0,2,3) (1,2,3,4) (2,3) (1,2) (0,2,4) (3,4) (2,4) {21,9,52,34,33}
[##...] (1,4) (0,2,4) (0,4) (3) (0,1,2) (0,2,3) (2) {35,10,44,21,33}
[..####.] (1,2,6) (4,5,6) (0,2,3,5) (2,4) (0,2,3,4) (1,5,6) (1,2,4,5,6) (0,1,2,4,6) {29,33,66,26,59,35,39}
[......#.] (1,3,6) (0,2,4,5) (2,3,4,7) (0,4,5,6,7) (2,5,6,7) (5,6,7) (1,3,5,6) (1,2,4,6) {9,38,31,36,31,37,61,33}
[##.###.] (1,2,3,5,6) (0,2,5) (2,3,4,5) (0,2,4,6) (3,4) {20,10,43,27,28,32,21}
[###..#.##] (1,5,6) (2,4,6) (1,4,7) (0,1,2,3,4,6,7,8) (0,2,5,6,7) (1,6,7) (0,2,3,4,7) (3,7) {11,32,13,26,13,25,34,37,6}
[#.#.#] (0,1) (0,1,4) (0,2,3) (2,3) (3) (0) (1) {33,33,183,186,3}
[.#.#.#.] (1,3,5) (0,3,4) (1,3,4) (0,2,3,6) (0,1,2,3,6) (1,2,4,5,6) (0,2,3,4) {62,36,54,80,33,11,36}
[..##..#.##] (0,1,2,3,5,9) (4,8,9) (0,1,2,3,4,5,6,7,8) (1,7,8) (2,7) (0,3,4,6,9) (1,4,7,9) (0,4,6,8) {41,27,33,26,55,17,34,36,44,37}
[#..##] (0,2,4) (2,3,4) (1,3,4) (0,1,4) (0,2) (1,2) {23,31,46,16,22}
[.####...#.] (3,5,8) (2,4,6,8) (1,3,4,6,7,8) (2,4,5) (0,2,3,4,5,6,8,9) (0,1,3,4,6,7,9) (0,3) (0,8) (4,7) (0,1,4,5,6,9) (2,6,8,9) {55,42,59,72,99,45,83,48,78,47}
[####] (0,1,3) (0,3) (1,2) {7,17,15,7}
[##.#.##..] (1,2,4,6,8) (4,6) (0,2,3,4) (0,3,7) (1,3) (2,5) (0,1,2,4,6,7,8) (0,1,2,4,6) {38,35,33,27,39,4,36,15,6}
[##..#..#] (0,1,2,3,4,5) (0,5,6,7) (1,4,5,6) (2,5,7) (4,5,6) (3,4,5,6,7) (1,2,3,4,5,6,7) (0,1,2,3,6) (2,5) (1,4,6,7) {36,47,48,28,63,86,63,53}
[##.#] (1,2,3) (0,1) (3) (0,2,3) {16,20,6,9}
[....#] (0,1,3,4) (1,2,3) (1,2,3,4) {8,43,35,43,27}
[.##..#.##] (1,4,5) (0,6) (1,3,4) (0,4,5,7) (0,1,2,3,5,6,7,8) (4,5) (1,3,4,5,6,8) (2,6,8) (0,2,7) {33,48,21,30,51,64,38,23,28}
[#####.#] (0,2,3,4,6) (2,5) (0,3,5,6) (0,1) (1,2,4,5,6) (4,6) {22,33,146,4,33,146,35}
[..####] (1,2) (3,5) (2,4,5) (2,3,4,5) (0,1,2,3) (2,3,5) (1) (0,1) {24,60,69,34,27,39}
[....#.] (1,3,5) (0,2,4) (0,2,3) (0,2) {27,16,27,18,19,16}
[#.....##] (0,2,4,5,6,7) (0,1,7) (1,3,4) (2,4,6) (5,6) (0,2,6) {28,28,21,10,29,9,22,26}
[#.##] (0,1,2) (0,2,3) (2,3) {8,7,25,18}
[..##...] (0,3,4,5,6) (2,3) (1,3,6) (0,2,4,5,6) (2,3,4,6) {26,1,170,183,41,26,42}
[#.####.] (2,3,5,6) (0,5) (1,2,5,6) (1,3,6) (1,3,4,5,6) {12,34,4,38,19,35,38}
[###.######] (0,1,2,3,4,6) (1,4,5,7,8,9) (0,2,4,5,6,7,8) (1,2,6,7,8) (0,5,8) (0,1,2,4,5,6,7,8,9) (0,3,4,6,9) (0,1,3,4) {40,35,22,21,28,22,26,19,34,10}
[##.#.###] (2,3,4,5,7) (0,2,3,7) (3,4,5,7) (0,6) (0,1,3,4) (1,2,3,4,7) (0,1,3,4,5,6) (0,5,6) (1,2,3,5,6,7) (0,1,2,4,5,6,7) {47,46,61,74,63,63,39,67}
[..#.##.] (0,1) (0,2,3,4,5) (0,2,4,5,6) (4,5) (0,1,3,6) (0,1,2) {246,210,50,201,52,52,203}
[..#######] (0,1,4,5,8) (3,5) (1,3,8) (4,6,7,8) (0,2) (0,1,2,3,5,7) (0,1,2,5,6,8) (0,1,3,4,5,6,8) (3,6,8) {33,48,16,40,37,42,32,24,66}
[.#..#..#.] (6) (0,1,2,3,4,7) (2,3,7) (0,7,8) (1,2,3,5,6,7) (0,4,5,6,8) (0,5,7) (1,2,3,4,5,6,7) (0,2,3,8) (0,1,3,5,7,8) (0,2,3,4,6,7) {74,56,77,96,42,43,58,97,39}
[..###] (0,2,3) (1,3,4) (1,4) (0,1,2) (2,3,4) {18,43,25,38,45}
[#.##] (2) (0,2,3) (0,1,2) (1,3) (1,2) {15,11,39,12}
[.#...#....] (1,3,4,5,6,7,8,9) (0,2,4,6) (1,5) (5,7,8) (3,4,7,8,9) (0,2,8) (2,3,4,5,8,9) (0,4,5,7,8) (0,2,6,7) (1,3,5,6,7,8,9) (0,1,9) {45,32,33,31,37,58,22,66,73,38}
[.#..] (2) (3) (0,3) (1,3) (1) (1,2,3) {17,45,18,46}
[.#..#####.] (3,6) (0,1,4,5,6) (5,8) (1,4,5,8) (2,6,7) (2,4,5,8) (6,7) (1,2,7) (0,1,4,9) (1,2,4,5,6,7,8,9) {37,88,60,8,87,70,59,52,53,39}
[.###...##] (0,2,6,7) (0,2,3,4,5,7) (0,1,3,4,6,7,8) (0,3,5,6,7) (1,2,5) (2,4) (1,5,6,7) (0,1,2,3,4,7,8) {50,29,28,44,29,35,42,60,19}
[#..#####] (0,1,2,5,7) (1,3,4,6,7) (0,5,7) (0,1,3,5,6,7) (0,1,2,3,5,6) (0,2,3,4,7) (0,1,4,6,7) (0,4,6,7) (1,3,4,5,6,7) {76,64,54,61,59,59,60,85}
[..#..#] (0,3) (3) (2,4) (0,1,3,4,5) (0,3,4,5) (2,5) (3,4,5) {51,20,17,77,56,49}
[#.##] (0,2,3) (1,2,3) {5,9,14,14}
[.#...] (0,2,4) (1,2,3) (0,3,4) (0,2,3,4) {26,11,34,28,26}
[...#.###..] (1,4) (0,1,2,5,6,7,9) (1,2,3,4,5,6,7,8,9) (3,6,7,8) (1,3,4,5,6,8) (0,1,2,3) (2,4) (1,3,4,6,8) (0,1,2,3,5,8) {170,218,189,63,63,178,191,164,47,153}
[...###...] (1,3,4) (2,7) (2,4,5,6,7) (0,1,2,3,4,6,8) (1,5) (0,3,7) (0,2,4,5,6,7) (0,1,4,6,8) (7,8) {25,38,14,41,29,17,12,39,25}
[#.#...#] (0,1,2,3,4,5,6) (0,1,2,4,6) (1,2,3,6) (1,2,3,4,5,6) (1,5) (1,3) {12,177,158,166,12,19,158}
[##.####..] (0,4,5,7,8) (1,3,4,5,6,7) (0,3,5,8) (5,7) (3,6) (0,1,2,3,4,7,8) (1,3,8) (0,8) {38,21,12,42,26,32,14,33,43}
[.#....####] (0,7) (0,1,4,5,6,7,8) (1,3,7,8,9) (2,4,6) (5,6,7,9) (0,1,5,6,8,9) (1,5,6,7,8) (4) (0,1,2,4,5,6,8,9) (0,2,5,6,7,8,9) (0,4,5,6,7,8,9) (2,3) (0,1,3,4,7,8,9) {28,53,26,19,48,53,72,63,58,41}
[####] (1) (1,2,3) (2,3) (0,1,3) (1,3) {0,32,29,49}
[.#..##] (0,2,3) (3) (2,4,5) (0,1,2,5) (0,1,5) (2,4) (1,4,5) {25,25,35,17,19,44}
[.#.#] (0,1) (0,2) (0,1,2) (1,3) {37,28,33,7}
[##.####] (0,1,2,3) (4,6) (0,1,4,5,6) (0,2,3,4,5,6) (0,1,2,3,5) (2,4,6) (1,2,3,4) (0,1,2,3,5,6) (1,2,3,4,5) {39,61,60,55,45,43,35}
[..#..##...] (0,6,9) (1,2,6,9) (1,2,4,6,7,8,9) (0,1,2,4,6,8,9) (5,8) (1,4,5,9) (7,9) (3,4,6) (5,8,9) (0,1,2,4,5,7,8) (1,3,4,6,9) (1,4,5,7,9) {28,78,45,32,93,59,68,43,68,90}
[######.#] (1,2,6,7) (1,2,3,5,6,7) (2,3,4,5,7) (1,5) (4) (0,2,6,7) (1,3) {13,34,32,31,11,28,24,32}
[...##..] (1,3,4,5) (0,1,2,3,4,6) (0,2,4,5,6) (4,5) (1,4,5) (2,3,5,6) {17,18,17,12,30,23,17}
[..#.#.###] (0,3,4,5,6,7) (1,2,3,4,5,6,8) (1,2,5,7) (0,2,5,6,7,8) (0,2,5) (4,7,8) (1,3,8) (1,3,6,7,8) (0,1,2,3,4,5,6,7) (0,1,2,4,5,6,8) (0,1,2,5) {196,232,215,212,207,222,205,195,72}
[####] (2) (0,3) (1,2) {15,19,30,15}
[.####] (0,1) (0,2,3,4) (1,2) (3,4) {14,19,25,26,26}
[#.##] (0,2,3) (0,1,2,3) {20,6,20,20}
[.#..##..] (0,2,3,6,7) (5) (0,4) (0,1,5) (2,4,5,6) (1,4,6) (0,1,2,3,4,5) {59,47,35,30,43,52,25,11}
[.#.#] (1,2) (0,2,3) (1,3) {15,167,35,162}
[#.#.##.#] (0,1,3,5,6,7) (1,2) (0,7) (0,1,4,5,6,7) (0,1,4,5,7) (0,2,3,7) (1,3,4,5,6,7) (2,3,4,5,7) (0,3) (0,3,6) {72,38,25,65,40,42,37,66}
[..##.] (1,3) (0,1,3) (2,3) (0,2,4) {129,17,138,37,118}
[##...] (0,1,2,3) (0,1) (2,3) (0,2,4) (0,1,2,4) {46,46,39,24,15}
[.#.#] (0,2) (1,3) (0,1,3) (3) (0,1,2) {19,171,9,164}
[.#..] (0,1,2) (1) (1,3) (2,3) (0,2) {29,23,41,17}
[#...##] (2,4,5) (0,1,2,4,5) (1,5) (3,5) (0,2,3,5) {16,29,134,22,127,169}
[.....##] (1,2,3,5,6) (1,3,4) (2,3) (0,2,3,4,5) (0,1,3,5) (0,4,6) (4,5) (0,1) {58,25,38,50,161,150,23}
[#.#..] (0,1,2,4) (0,1,3,4) (0,2) {138,128,24,114,128}
[#..##.] (0,3,4,5) (0,3,4) (0,2) (5) (2,3) (4,5) (0,1,5) {39,10,25,26,23,27}
[###.#] (0,4) (3,4) (1,2,3,4) (0,2,4) (1,3) {17,37,33,46,45}
[.###.] (1,2,3) (0,1,4) (0,2,3,4) {10,15,11,11,10}
[##..#.#.] (0,1,2,7) (0,4,6) (3,5) (0,2,3,5,6,7) (0,4) (0,2,4,5,6,7) {51,3,22,8,40,19,38,22}
[#..#.#.] (0,3,5) (0,1,2,3,4,6) (1,2,4) (1,3,4,6) (5,6) (3,4) (2,3,4,5,6) {27,54,40,51,59,21,43}
[###...####] (1,5,9) (3,5,6,8,9) (3,5,7,8) (0,4,7,9) (0,2,4,5,6,8,9) (6,9) (0,2,3,4,5,6,8,9) (0,4,5,6,7,8) (0,2,4) (9) (1,4,5) (3,7) {42,24,37,22,58,55,36,10,31,61}
[###..#.#..] (1,6,8) (2,5,6,9) (6,7) (0,4,9) (0,1,2,3,5,6,8,9) (4,6) (6) (0,2,4,5,7,8) (1,2,3,4,5,7,8,9) (0,1,2,3,4,6,7) (0,2,4,5,6,8) (0,2,5,6,7,8) {186,51,198,41,179,178,81,184,184,26}
[######.] (0,1,2,4) (0,2,4,5,6) (0,1,3,5,6) (1,2,4,5,6) (1,2,3,4,5,6) (1) (1,2) (2,6) (0,2,3,4,5,6) {25,62,71,10,53,46,52}
[#....#] (2,3,4,5) (1,2) (0,1,4,5) (1,2,3) (1,3,4) {11,21,26,22,29,28}
[#...##] (0,1,2,4,5) (1) (2,3,4) (2,3) (0,4,5) (0,1,3) {48,36,38,31,46,36}
[#.#...#] (0,1,2,3,4,5,6) (0,1,2,3) (1,3,4,5) (1) (0,1,3,4,5) (0,1,4,5) {28,56,15,39,33,33,0}
[.#...#.#.] (0,2,4,6) (1,7,8) (0,1,5,6,7) (0,1,2,5,6,7,8) (0,1,3,4,7,8) (2,3,5) (2,6) {149,39,175,29,137,32,157,39,37}
[##...##.] (1,2,7) (0,1,3,4,5) (0,6) (0,1,2,3,5) (1,5) (3,5,6) {27,12,2,12,6,16,25,1}
[###.#.] (1,2) (0,1,2,4,5) (0,4,5) (0,4) (0,1,3,5) {14,15,13,2,12,12}
[..#...#.#] (0,2,4,5,6,7,8) (0,3,7,8) (1,6) (3,5,7) (4,8) (0,1,3,4,7) (1,2,5,6) (0,1,2,3,5,6,8) {41,42,42,178,23,195,51,179,34}
[##..###..#] (1,2,4,5,6) (1,3,4) (0,1,3,4,5,8) (1,2,5,7,8) (1,3,8) (4,7) (0,2,3,9) (1,3,5) (2,4,6,7,8,9) {15,53,44,28,70,42,31,50,52,19}
[.##..##.] (0,1,3) (4,5) (0,3) (2,4) (0,2,3,4,7) (3,5,6,7) (1,2,5,6) {14,16,25,183,17,183,180,175}
[###.#.#.##] (1,4) (1,6,7) (0,1,3,4,9) (3,9) (1,2,3,5,7) (0,1,2,4,5,7,8,9) (0,1,2,3,4,5,8,9) (0,2,3,5,6,7) (6,7,8,9) (0,8) (5,6) (3,4,5,7,8) {48,50,42,60,44,58,49,73,52,60}
[#...#.] (1,2,3) (0,2,3) (1,3,4) (0,3) (2,4,5) (2,3) {209,20,233,241,20,15}
[..######] (0,2,3,4,5,6) (1) (3,7) (0,5) (1,6) (1,2,3) (0,1,2,3,4,7) {25,28,20,34,10,23,16,16}
[...######] (0,1,4,5,6,7,8) (0,1,4,6,8) (2) (2,3,5,8) (0,1,2,6,7,8) (0,3,4,5,6,7,8) (5) (2,3,4,5,6,7,8) {26,21,37,25,44,62,45,45,46}
[#.#..#.#] (0,2,3,4,6,7) (2,6) (0,1,2,4,6,7) (2,3,4,5) (0,2,3,4,5,6) (1,2,3,4,6,7) (0,1,3,4,6) (1,2,3) {44,49,74,76,73,30,73,24}
[...#..] (1,2) (3,4,5) (2,3,4) (4,5) (0,2,5) (0,1,2,3) {25,31,57,38,32,30}
[#####...] (3,4) (1,4,5,6) (0,1,2,3,4,5,7) (0,1,2,4,5,7) (0,2,3,4,5,6) (0,4,6,7) {29,40,24,30,61,42,25,27}
[#.##] (0,2,3) (0,2) (0,3) (1,2) {28,6,21,13}
[#.##] (0,2) (0,1) (1,2) (0,3) (2) (1) {44,39,28,18}
[#.#.#] (0,1,3) (0,1,4) (1,2,3,4) {11,17,6,15,8}
[##..#.####] (4,9) (0,1,2,5,6,7,8,9) (1,3,4,5,6,8,9) (0,1,3,5,6,7,8) (3,4,7) (1,2,3,5,6,7,8,9) (0,1,4,5,6,7,8,9) (3,6) (2,5,6) (0,2,4,6,8) (0,1,2,3,5,7,9) {41,39,38,36,51,46,59,43,42,52}
[.#.###..#.] (0,1,2,4,5,6,7,8,9) (0,1,2,4,6,8) (0,1,4,5) (0,5,6,7,8,9) (2,3,4,5,7,9) (1,2,8,9) (1,4,5,6) (1,7,8) (4,5,6) {44,46,38,20,77,86,61,44,39,47}
[##..] (0,1,3) (1,3) (3) (0,1) (0,2) (0,2,3) {22,16,19,32}
[..#...#..] (0,2,3,4,6,7,8) (0,2,3,7) (1,4,7) (1,3) (0,1,2,3,4,6,7,8) (0,1,3,4,5,6,8) (1,2,3,4,5,6,8) (1,5,6,7) {43,73,44,66,59,45,74,56,54}
[#..##] (0,1,2,4) (2) (1) (0) (0,1,3) (0,3) {31,26,9,20,2}
[..#.#.###.] (0,1,2,6,7) (3,4) (0,1,2,3,5,6,8,9) (3) (0,3,5,7,9) (2,4) (1,2,4,5,7,8,9) (0,8) {41,45,51,174,154,46,27,37,40,46}
[##.#...] (0,2,5) (1,2,3) (2,5) (1,2,3,4,5) (1,2,3,4,5,6) (0,3,4,5) (0,1,6) (2,3,4,5,6) {41,62,86,64,47,76,39}
[##.#..#] (1,2,3,5) (1,6) (4,5,6) (0,2,3,5,6) (0,1,3,4) (5,6) (2,3,4) (0,1,2,3,4) (1,2,6) {17,32,166,161,166,37,57}
[##...##.] (4,6,7) (0,1,5,6) (4,5) (1,5,6) (3,4) (1,5) (0,2,4,6) (0,6) {24,28,2,15,45,44,53,12}
[##...] (0,2,3) (0,1) (3,4) (3) (0,2,4) (0,1,3,4) {159,149,10,26,26}
[#.##..##..] (1,2,4,6,7) (1,2,3,4,7,9) (0,3,4,6,7,8,9) (2,5) (0,1,2,3,4,8) (0,1,3,4,6,7,8,9) (0,2,3,4,5,9) (1,2,3,6) (0,2,3,6,7) (0,1,4,6,9) {35,30,44,31,42,20,34,26,10,28}
[##.###.##] (1,8) (6,8) (0,3,7) (4,5) (1,3,4,5,6,7,8) (0,1,2,3,5,8) (0,1,2,3,4,5,6) {29,48,25,33,36,42,43,8,49}
[#.###] (1,2,3,4) (0,3,4) (0,2,3,4) {28,16,35,44,44}
[#..#.#.] (0,1,3,5) (0,2,5,6) (2,3) (0,1,2,3,4) (0,2,4,5,6) (3,4) (2,6) (0,3,4,5) (0) {190,21,181,45,179,162,161}
[..#..] (0,3,4) (1,2,3,4) (3,4) (0,1,4) (1) (1,2) {7,41,34,33,40}
[##.#] (0,1,2) (0,1,3) {162,162,19,143}
[#....#] (0,3,4,5) (0,1,3,5) (0,1,2,4,5) (0,2,3) (0,1) (2,3,5) (0,1,2) {51,33,29,25,18,25}
[.#..] (1,2) (3) (0,1,2) (2,3) (2) (0) {3,3,34,25}
[###..#.#] (0,1,2,4,7) (0,2,3,4,5,7) (0,6,7) (0,2,3,4,6,7) (1,2,3,4,5,6) (2,3,5,6) (0,2,3,5,6,7) {51,11,59,56,35,40,54,51}
[#..#.] (1,3) (3) (0,4) (0,2) (0,1,3) (0,3,4) {45,28,13,62,19}
[##..#..###] (0,1,2,3,4,6,8,9) (2,4,5,6,9) (3,8,9) (1,2,3,4,6,7,8,9) (0,1,2,3,5,6,7,8) (0,1,2,3,5,6,9) (0,7,8,9) (3,5,6,9) {213,50,57,55,27,42,62,200,210,218}
[#.#.#..] (5,6) (1,2,3,4,5) (1,4,5) (0,1) (0,1,3,4,5) (0,1,2) (0,4) (0,1,2,3,6) {48,68,39,23,58,60,22}
[..#.#] (0,2,3) (0,1,3,4) (2,4) (0,4) {45,18,22,28,47}
[##..#...] (5,6) (1,2,7) (2,4) (0,1,3,5,6,7) (0,1,2,4,5,6) (0,2,6) (0,1,2) (0,3,5,7) {65,69,74,27,36,57,55,43}
[#.###.#] (1,6) (0,4,5) (1,2,4,5) (0,1,4,6) (2,3,6) {20,29,14,7,27,18,29}
[.#.#.##.#.] (5,7) (2,4,5,6,7) (0,1,3,4,5,6,7,8) (1,4,6,9) (2,3,6,7,8,9) (0,2,3,4,5,6,7,8) (1,2,9) (0,2) (0,5,8) (0,1,2,3,4,7,8,9) {230,28,239,211,204,223,205,237,228,40}
[#..#.##] (0,3,5,6) (2,3,6) (0,1,2,3,6) (1,3,4,5,6) (1,2) {6,9,8,15,5,7,15}
[####.#] (0,2,3,4,5) (0,2,3,4) (2,3,5) (0,1,3,5) (1) (1,2,3,5) (3) (0,1,4,5) {45,48,50,57,42,57}
[####] (0,1) (1,2) (2) (3) (0,1,2) (2,3) {17,33,38,29}
[.####.] (1,2) (0,1,3) (1,3,4) (1,2,3,5) (0,1,4,5) (2,5) (2,3,5) {27,54,25,31,28,34}
[#..#....#] (2,3,4,8) (0,1,3,5,7) (0,1,2,3,4,6,7,8) (6,8) (0,4,5) (2,5) (0,1,2,3,6,7,8) {47,27,44,35,30,45,31,27,39}
[..###..] (0,4,5) (2) (0,1,2,3,4) (3,4) (3,6) (1,3,5,6) (0,1,2,4,6) (1,2,3,4,5) {45,54,49,181,60,23,166}
[##.#.####] (0,1,2,3,4,5,6) (0,2,5,8) (0,7,8) (3,5) (0,1,3,5,6,7,8) (0,4,7,8) (1,2,3,4,5) (0,1,2,3,6) (0,2,4,5,6,7) (2,3) {241,222,57,237,57,237,210,212,212}
[..##.###] (0,4,5,7) (0,1,2,3,4,5) (2,3,4,5,6,7) (0,1,3,4,6) (0,1,2,3,6,7) (0,1,3,6) (0,1,3,4,5,7) {50,45,14,52,34,20,44,25}
[#.#######] (1,2,4,5,7) (0,3,4,5,6,7) (0,1,2,6,7,8) (0,4,5,7) (1,3,5) (0,1,2,3,4,5,7,8) (7,8) (4,6) (1,2,7) {186,204,192,23,31,28,188,194,184}
[#.#...###.] (0,1,2,3,4,5,7,9) (1,2,4,6,7,9) (2,7,9) (1,8) (2,4,5) (0,1,3,4,6,8,9) (0,7,8) (0,1,7) (2,6,9) (1,2,4,5,6,7,8,9) (2,6) {38,53,79,17,48,20,65,58,33,67}
[#..##] (0,1,2,4) (0,1,3) (0,2) (1,2) {38,47,32,18,17}
[...###.###] (0,2,8) (3,8,9) (0,2,4,5,6) (1,2,3,4,5,6,7,9) (3,4,5,7,8,9) (0,1,2,4,6,9) (0,2,3,4,5,6,7,9) (5,8) (3,9) (3,7,8) (1,2,4,5,6,7,8) (1,8,9) (2,5,8) {54,44,88,56,71,81,56,55,88,71}
[##..#] (1,2,3) (0,2,4) (0,1,4) (3,4) (1,4) {106,14,104,11,123}
[...###.] (0,1,3) (1,2,4) (0,1,2,6) (2,4,5,6) (0,1,2,5) {45,51,57,10,22,31,36}
[#...##.#..] (2,5,6,7) (0,3,4) (0,3,6) (2,7) (1,4,5,6,8,9) (0,1,2,3,5,6,8,9) (0,1,9) (0,1,3) (0,1,2,3,4,5,6,8) (2,4,6,7) (3,4,5,7,8) {77,54,43,206,165,178,57,163,165,33}
[..#.#..#.] (1,3) (2) (3,5,6) (2,3,6,7) (2,3,4,5,6,8) (0,3,4,6,7,8) (0,3,4,7) (1,4,7,8) (2,4) (1,2,3,4,5,6,8) (4,5) {19,40,74,82,96,52,59,54,56}
[.###.##] (0,3,4,6) (0,4) (0,1,2,3,4,5) (1,2,4) (1,2,3,5,6) {24,17,17,16,25,16,1}
[##.##..#.] (4,7) (1,2,3,5,8) (0,1,3,4,7) (2,5,6) (1,2,6) (0,1,2,3,4,5,8) (2,4,7,8) (1,2,3,5,7,8) (0,2,3,4,7,8) (0,2,3,4,6,7,8) (0,1,3,4,6,7,8) {38,28,51,39,61,18,27,48,42}
[###.####.#] (3,4,6) (0,2,8) (0,1,3,4,5,6,7) (2,3,4,5) (0,1,3,4,5,6,7,9) (0,1,2,4,7,8,9) (2,4,6,9) (0,1,2,5,9) (1,3,5,6,8,9) {28,36,36,32,24,40,35,6,27,43}
[.#..] (2) (2,3) (1) (0,1,3) {16,19,17,21}
[.###] (2,3) (1,2,3) (0,1,2) (0,1) {174,186,21,20}
[#..#] (0,3) (1,2,3) (2,3) (0) (0,2,3) (1) {16,18,28,28}
[..#####..] (1,3,6) (0,2,3,4,6,7) (0,3,5,7,8) (1,8) (1,4,5,6,7) (0,1,2) (0,2,4,6,7,8) (3,4,5) (1,3,4) {39,59,20,48,34,30,17,31,44}
[.....##.#.] (1,2,3,5,6,8) (4) (1,5,6,9) (2,5,6,8,9) (1,3,4,8) (0,3,8) (0,3,4,5,6,7,8,9) (1,4) (0,7) (1,2,4,6,9) {11,213,12,33,230,26,27,11,40,23}
[...##...#] (2,5,6,7,8) (0,3,5,7,8) (0,2,3,5,7,8) (1,4,5,7,8) (0,1,2,4,6) (1,3,4,6,7,8) (0,4,5,7) {43,26,39,19,39,47,36,52,39}
[..#...#] (1,3) (0,2,6) (0,3,5,6) (4,5,6) (0,1,2,3,5) (0,2,3,4,5) (0,3,6) {184,38,30,194,18,43,178}
[.#..#] (0,1,3) (0,1,2) (1,2) (3) (1,4) {23,46,16,23,19}
[##.##.#.#.] (1,2,4,6,7,8) (0,1,2,3,4,8) (0,1,2,5,7,8,9) (5) (3,4,5,7,8) (1,2,5) (1,2,5,6,9) (1,2,5,6,7,8,9) (5,6,8,9) (0,1,3,4,5,7,8,9) (2,3,4,5,6,8,9) (0,1,2,4,5,6,7,8) (0,3,9) {29,69,76,47,68,245,70,62,94,55}
[..###...#] (0,1,2,5) (0,1) (0,5) (0,1,3,5,6,7,8) (1,2,4,5,6,7,8) (4,5) (5,6,7,8) (0,1,2,5,7,8) (6,8) (0,1,3,4,5) {205,202,19,167,29,232,201,195,205}
[.####.#..] (4,5) (0,1,4,5,7) (0,1,2,3,4,5,6,7) (0,2,4) (5,8) (1,2,6,7) (1,3,6,8) (0,1,2,4,7) (1,2) {40,53,42,30,43,19,32,29,22}
[###.] (1,2,3) (0,1,2) {143,162,162,19}
[..##...##] (1,3,5,8) (0,2,4,5,8) (0,1,4,6,7,8) (0,2,5,7) (0,1,2,5,7,8) (1,2,4,6,7) (0,1,2,3,5,6,7) (1,2,3,4,7) (0,1,3) (1,5) {87,106,85,61,44,94,32,85,59}
[..##] (0,1,3) (1,2,3) (2,3) {4,12,13,17}
[#..#.] (1,3,4) (0,1,2) (0,3) (1,2,3,4) (0,2) {21,16,8,27,13}
[##..###] (0,1,5,6) (1,3,6) (2) (0,1,4,5,6) (0,1,3,4,6) {122,126,2,6,17,120,126}
