678 62
747 584
570 425
542 816
640 593
879 96
465 50
781 977
154 168
532 770
498 722
710 295
816 977
987 59
106 916
474 920
435 248
701 405
44 889
48 417
430 437
953 728
556 935
249 960
713 901
910 594
615 61
539 208
312 368
838 23
690 953
803 624
280 406
190 779
381 486
566 57
91 816
578 725
173 595
438 7
15 794
103 235
971 383
250 84
525 511
159 625
823 941
935 812
736 661
728 742
627 380
531 652
419 450
736 148
831 562
896 737
988 98
870 729
749 333
935 153
781 341
833 819
184 985
630 218
14 702
474 41
407 949
999 525
336 273
350 145
311 457
838 414
810 111
973 153
143 649
139 448
122 226
831 320
283 391
310 864
869 883
380 96
629 878
888 359
820 290
34 230
172 976
886 778
564 730
84 598
162 924
545 472
59 957
608 367
915 987
678 85
501 729
682 420
469 47
699 30
264 568
579 479
642 809
351 839
240 335
475 338
335 996
954 892
703 909
675 270
700 774
167 944
263 222
797 496
417 548
410 219
946 326
672 637
928 490
922 974
832 164
588 879
854 370
853 834
83 715
498 332
206 67
341 939
344 602
803 721
353 665
19 951
763 253
353 550
664 37
346 65
979 820
252 202
665 232
730 599
163 61
235 484
536 670
166 387
723 383
17 614
523 552
737 87
512 635
107 437
906 266
635 867
655 372
814 477
62 156
50 131
721 655
554 894
168 674
801 339
198 103
990 341
106 659
534 944
983 446
589 257
259 207
570 191
9 323
286 33
257 445
659 273
900 44
956 922
534 313
569 216
576 106
457 835
771 919
846 806
993 127
640 359
635 853
603 687
12 525
876 521
798 388
308 935
139 62
425 786
275 112
913 858
924 718
974 670
323 427
173 489
513 137
90 721
615 731
38 151
904 102
503 138
920 823
584 684
389 580
351 754
693 528
122 69
167 600
174 781
821 889
688 766
976 541
482 640
992 710
687 9
728 710
624 337
376 802
60 496
572 90
170 232
599 515
751 829
751 40
712 196
367 204
56 507
845 878
856 426
330 878
783 827
447 463
990 245
19 581
84 285
703 674
833 486
742 827
605 535
100 3
159 606
134 409
933 229
954 530
614 803
465 61
994 604
284 925
271 788
612 425
910 745
732 779
327 421
20 560
690 257
728 463
569 992
348 231
734 962
819 797
378 635
692 702
359 20
865 749
707 669
9 881
795 416
683 990
801 670
993 621
386 519
152 672
402 280
262 617
797 218
421 349
841 580
797 115
484 450
304 175
771 766
600 442
196 517
724 359
820 923
636 398
85 799
615 634
508 735
356 730
254 728
573 97
847 358
445 707
339 368
807 43
141 484
493 253
106 339
527 610
945 633
699 592
533 983
663 997
869 651
584 519
504 781
215 820
59 437
496 71
265 963
26 629
918 981
179 990
762 324
403 875
992 141
758 998
966 404
772 998
357 688
936 619
35 397
690 152
918 315
705 251
229 687
12 423
409 16
734 661
642 531
897 68
156 843
707 716
534 614
89 31
663 578
726 923
837 207
