678 62
747 584
570 425
542 816
541 668
557 427
723 604
227 146
640 593
879 96
465 50
781 977
154 168
532 770
498 722
710 295
816 977
987 59
106 916
474 920
435 248
701 405
44 889
48 417
430 437
953 728
556 935
249 960
713 901
910 594
615 61
539 208
312 368
838 23
690 953
803 624
280 406
190 779
381 486
566 57
91 816
578 725
173 595
438 7
15 794
103 235
971 383
250 84
525 511
159 625
823 941
935 812
736 661
728 742
627 380
531 652
419 450
736 148
831 562
896 737
988 98
870 729
749 333
935 153
781 341
833 819
184 985
630 218
14 702
474 41
407 949
999 525
558 527
28 969
101 807
21 300
784 363
751 251
129 699
336 273
350 145
311 457
838 414
810 111
973 153
143 649
466 395
371 173
196 488
547 815
24 761
950 754
649 683
771 439
236 961
791 10
278 737
139 448
122 226
831 320
283 391
310 864
869 883
380 96
629 878
888 359
820 290
34 230
66 718
797 825
634 889
280 650
315 501
706 831
9 585
612 24
806 436
899 742
736 580
23 836
715 293
282 580
201 586
118 230
88 537
910 268
976 63
458 717
984 138
697 113
124 665
829 781
380 512
206 188
702 947
129 741
16 381
192 91
250 605
359 185
467 606
180 855
134 121
437 28
176 665
432 913
277 854
311 503
290 640
633 634
622 202
524 996
432 456
458 188
635 632
814 798
707 658
493 278
71 275
945 575
186 609
105 239
352 943
148 156
797 298
141 332
963 953
79 791
465 458
977 49
84 878
698 14
455 546
185 720
402 280
612 36
159 470
238 734
172 976
886 778
564 730
84 598
162 924
545 472
59 957
608 367
915 987
678 85
501 729
682 420
469 47
699 30
264 568
579 479
642 809
351 839
240 335
475 338
335 996
954 892
703 909
675 270
700 774
167 944
263 222
797 496
417 548
410 219
946 326
672 637
928 490
922 974
357 21
79 941
463 143
832 164
588 879
854 370
853 834
83 715
498 332
206 67
341 939
344 602
803 721
353 665
19 951
453 418
99 836
688 742
643 864
217 653
972 456
408 506
627 283
352 904
945 486
9 606
306 642
120 260
98 87
947 277
969 472
92 623
5 792
180 460
656 225
962 720
763 253
353 550
664 37
346 65
979 820
252 202
665 232
730 599
163 61
235 484
476 543
729 497
344 943
645 722
841 699
658 372
818 278
530 148
604 712
425 760
400 735
523 543
286 589
875 453
205 529
120 526
892 273
374 778
56 465
59 457
79 949
333 172
429 234
19 906
311 428
147 63
579 972
494 424
923 253
926 810
903 715
558 623
536 670
166 387
723 383
17 614
523 552
488 276
220 859
900 800
247 569
402 792
963 423
407 10
449 618
353 499
203 534
382 560
835 840
41 350
12 298
90 957
831 781
122 529
476 393
441 562
965 167
244 812
238 951
755 636
16 437
877 407
850 948
294 578
588 142
636 368
890 543
608 298
723 323
865 602
459 811
927 406
306 94
951 748
406 674
217 369
858 734
922 634
950 643
31 380
528 682
265 640
737 87
512 635
107 437
906 266
635 867
655 372
814 477
62 156
50 131
721 655
554 894
168 674
801 339
198 103
990 341
106 659
534 944
983 446
589 257
259 207
570 191
9 323
286 33
257 445
659 273
794 832
416 516
900 44
956 922
534 313
569 216
576 106
457 835
771 919
846 806
993 127
640 359
635 853
603 687
12 525
876 521
798 388
308 935
139 62
425 786
275 112
913 858
924 718
974 670
323 427
173 489
513 137
90 721
615 731
38 151
904 102
503 138
920 823
584 684
389 580
351 754
693 528
581 172
491 647
550 759
687 686
849 285
122 69
167 600
174 781
821 889
688 766
976 541
482 640
992 710
687 9
728 710
624 337
376 802
60 496
572 90
170 232
599 515
751 829
751 40
712 196
367 204
56 507
845 878
856 426
330 878
783 827
447 463
990 245
19 581
84 285
703 674
833 486
742 827
605 535
100 3
159 606
134 409
933 229
954 530
614 803
465 61
994 604
284 925
271 788
612 425
910 745
732 779
82 175
386 509
454 768
941 963
919 612
244 550
361 26
73 855
948 339
118 943
639 13
612 127
613 682
822 212
105 577
765 221
130 279
114 722
969 103
391 680
513 976
212 86
746 688
140 329
327 421
20 560
690 257
728 463
569 992
348 231
734 962
819 797
378 635
692 702
359 20
865 749
707 669
9 881
795 416
683 990
801 670
993 621
386 519
152 672
402 280
262 617
797 218
421 349
841 580
797 115
484 450
304 175
771 766
600 442
196 517
320 909
263 979
484 668
17 432
367 488
992 908
72 331
379 950
255 952
532 854
539 11
292 42
899 950
724 359
820 923
636 398
85 799
615 634
258 695
600 813
611 346
513 901
382 928
142 954
978 138
329 540
597 980
183 354
983 243
680 168
952 244
679 110
75 702
367 513
868 828
387 548
774 392
248 341
17 516
972 116
360 448
200 486
5 767
622 833
594 662
598 524
588 233
158 463
304 924
165 790
350 950
991 496
857 475
155 892
194 882
279 687
236 621
320 242
630 655
146 899
66 512
50 987
282 223
644 695
837 295
576 262
693 274
842 707
535 959
289 483
409 29
455 288
485 849
337 670
291 636
873 787
583 597
508 735
356 730
254 728
573 97
847 358
445 707
339 368
807 43
719 162
970 95
507 673
977 524
454 303
563 289
673 375
637 689
729 329
452 183
412 329
250 311
275 612
808 359
125 6
347 707
714 896
249 387
991 762
116 473
934 426
305 521
667 932
196 687
141 484
493 253
106 339
527 610
945 633
699 592
533 983
663 997
869 651
584 519
670 564
584 531
727 546
447 208
476 15
332 458
265 666
341 155
302 949
459 712
764 395
504 781
215 820
59 437
496 71
265 963
26 629
918 981
179 990
762 324
403 875
992 141
758 998
966 404
772 998
357 688
936 619
35 397
690 152
918 315
705 251
229 687
12 423
409 16
734 661
642 531
897 68
156 843
707 716
534 614
89 31
663 578
726 923
660 32
684 845
385 586
800 106
390 554
93 903
334 112
822 67
535 921
585 568
996 381
750 438
837 207
960 402
289 89
23 303
542 492
224 519
152 297
49 650
783 630
